20
-75 82 17 17 17 -68 18 25 44 -27 53 54 21 25 51 71 9 79 13 84 
78 39 28 54 96 74 37 6 94 62 6 21 45 23 91 14 43 9 39 39 
-89 93 93 10 18 -96 81 79 76 46 -63 6 37 44 60 85 70 49 91 64 
12 97 37 57 72 28 71 67 38 11 6 79 56 51 89 26 48 22 5 76 
20 21 82 9 65 43 95 87 44 38 3 56 36 40 13 60 69 37 28 59 
0 -86 -38 8 38 -79 -34 38 53 -91 14 25 12 -96 34 29 -91 -81 16 36 
20 19 44 8 12 10 20 81 47 0 92 99 87 30 7 77 61 93 67 66 
84 81 91 49 29 -77 30 73 59 47 61 31 18 5 91 30 15 11 63 14 
12 55 65 99 37 -72 28 50 65 95 16 2 28 59 3 9 37 33 34 48 
32 95 31 51 53 22 33 20 33 49 87 45 4 52 96 94 25 76 44 42 
23 13 -96 3 24 -99 13 13 33 99 13 17 47 44 68 0 66 54 72 52 
3 59 -49 59 12 -98 5 89 74 2 31 98 67 80 53 91 79 18 5 64 
18 18 -82 65 15 2 17 33 8 89 85 63 49 35 75 61 33 80 50 59 
82 33 9 1 13 63 93 45 81 98 9 99 68 43 16 83 46 33 17 6 
23 2 70 72 89 45 85 74 25 87 86 60 20 95 61 86 10 6 31 92 
56 92 43 25 36 -60 8 34 45 77 40 68 80 62 92 21 7 29 48 85 
16 34 97 89 81 -10 75 92 17 58 84 73 50 79 98 38 39 59 24 85 
36 65 5 68 79 50 42 39 79 90 24 96 76 73 85 57 83 12 49 52 
70 85 26 20 65 76 59 56 87 83 93 76 0 51 44 32 1 86 71 80 
-28 -95 -28 -56 68 -65 14 3 -77 -15 56 47 53 34 20 -18 10 79 -26 -50 
