25
-3 -37 -86 -55 -54 -50 -5 -85 -92 -62 -85 -30 -90 -20 -35 -62 -68 -70 -19 -18 -19 -30 -60 -89 -8 
-4 -32 -99 -95 -92 -78 -98 -30 -64 -6 -84 -14 -11 -21 -58 -26 -6 -41 -16 -26 -76 -30 -95 -46 -49 
-65 -17 -31 -25 -7 -40 -81 -91 -91 -76 -83 -69 -26 -65 -33 -32 -49 -10 -96 -23 -58 -22 -29 -99 -90 
-8 -27 -20 -3 -25 -21 -20 -43 -5 -97 -2 -97 -78 -45 -88 -6 -28 -9 -84 -94 -94 -69 -95 -94 -65 
-18 -5 -87 -10 -56 -77 -8 -84 -49 -63 -61 -22 -35 -56 -79 -32 -58 -76 -62 -55 -16 -68 -84 -25 -52 
-30 -20 -21 -77 -66 -38 -48 -71 -25 -48 -28 -54 -56 -64 -55 -71 -25 -78 -6 -82 -57 -38 -92 -86 -52 
-48 -2 -20 -84 -28 -24 -66 -10 -98 -43 -66 -88 -91 -38 -14 -91 -18 -20 -99 -82 -76 -70 -59 -6 -76 
-41 -15 -66 -86 -1 -70 -34 -4 -90 -70 -84 -67 -36 -84 -17 -31 -50 -5 -75 -40 -71 -66 -58 -44 -66 
-92 -20 -88 -52 -78 -17 -45 -93 -35 -31 -95 -6 -17 -99 -48 -87 -35 -67 -75 -19 -36 -59 -21 -94 -34 
-62 -65 -52 -20 -61 -70 -65 -81 -59 -17 -11 -28 -62 -5 -63 -46 -10 -21 -63 -51 -70 -3 -86 -89 -30 
-57 -26 -89 -78 -20 -75 -40 -37 -28 -13 -99 -50 -30 -32 -61 -47 -44 -89 -61 -49 -5 -7 -1 -26 -23 
-52 -48 -78 -90 -38 -8 -47 -16 -98 -25 -36 -25 -18 -73 -5 -83 -24 -56 -13 -57 -17 -12 -1 -59 -73 
-2 -64 -33 -3 -42 -8 -55 -43 -86 -45 -81 -94 -44 -49 -44 -21 -85 -70 -39 -10 -75 -74 -35 -83 -39 
-44 -53 -51 -97 -12 -77 -99 -28 -62 -2 -22 -70 -9 -65 -56 -6 -98 -50 -50 -47 -47 -23 -84 -17 -15 
-95 -44 -89 -82 -28 -81 -26 -81 -32 -23 -45 -61 -22 -73 -23 -76 -95 -93 -85 -13 -49 -43 -11 -52 -45 
-11 -99 -68 -95 -68 -83 -90 -12 -25 -72 -92 -6 -50 -25 -90 -73 -70 -52 -95 -95 -75 -23 -43 -21 -60 
-8 -70 -3 -71 -74 -10 -82 -73 -69 -78 -41 -4 -20 -6 -81 -45 -98 -87 -95 -76 -78 -69 -98 -82 -16 
-46 -57 -40 -89 -78 -10 -97 -1 -56 -68 -75 -56 -3 -1 -77 -33 -94 -82 -53 -10 -63 -98 -51 -3 -46 
-27 -33 -15 -77 -15 -83 -23 -72 -23 -64 -3 -76 -13 -56 -84 -34 -31 -40 -37 -84 -18 -70 -79 -52 -75 
-79 -67 -26 -82 -70 -72 -61 -55 -87 -39 -70 -70 -62 -95 -46 -79 -98 -74 -92 -6 -58 -26 -89 -98 -15 
-74 -68 -85 -53 -72 -61 -84 -40 -39 -67 -62 -11 -28 -18 -98 -19 -40 -20 -82 -35 -18 -13 -85 -92 -5 
-91 -50 -32 -81 -1 -99 -7 -69 -85 -60 -94 -98 -96 -86 -37 -63 -48 -48 -44 -18 -98 -63 -59 -70 -97 
-46 -89 -10 -32 -81 -68 -23 -32 -52 -56 -33 -51 -63 -54 -36 -75 -48 -86 -72 -34 -75 -87 -35 -75 -31 
-5 -73 -47 -64 -96 -96 -63 -85 -59 -95 -66 -27 -70 -50 -79 -27 -83 -30 -90 -38 -19 -66 -38 -57 -90 
-73 -33 -77 -60 -60 -61 -65 -34 -60 -82 -82 -56 -45 -67 -15 -92 -33 -94 -62 -84 -73 -89 -19 -56 -32 
